25 7 14 
0 2 0 2 34 2 0 0 0 0 0 0 0 0 0 0 0 4 4 2 0 0 0 0 1 
2 32 2 2 34 2 0 0 0 0 1 0 0 0 0 0 0 0 2 32 2 0 2 1 16 
0 2 32 2 6 2 0 0 0 1 16 1 0 0 4 0 0 1 1 2 0 2 32 2 1 
0 0 2 0 2 32 2 0 0 4 1 0 1 4 0 0 1 17 17 1 0 0 2 0 0 
0 0 0 0 0 2 0 0 0 0 0 1 16 1 0 0 0 1 1 0 0 0 0 0 0 
0 0 4 0 0 2 0 0 0 0 0 0 1 1 0 0 0 4 0 0 0 0 0 0 0 
0 0 0 0 2 32 2 0 2 0 0 0 1 16 1 0 0 0 0 0 0 4 0 0 0 
0 0 0 0 4 2 0 2 32 2 0 0 0 1 0 0 0 0 0 0 0 0 0 0 0 
0 0 0 2 0 0 0 0 2 0 0 0 0 0 0 4 0 0 0 0 0 0 0 0 0 
0 0 2 32 2 2 0 2 32 2 0 2 0 0 0 0 0 0 0 0 0 0 2 0 0 
0 0 0 2 2 32 2 0 2 0 2 32 2 0 0 0 4 0 0 0 0 6 32 2 0 
0 0 0 0 0 2 0 0 0 0 4 2 0 0 0 0 0 0 0 0 0 0 2 0 0 
0 0 0 0 0 0 0 0 4 0 0 0 0 0 0 6 0 0 4 0 0 0 0 0 0 
0 0 0 0 0 0 0 0 0 0 4 0 0 2 2 32 2 0 0 0 0 0 0 0 4 
0 0 0 0 0 0 0 4 0 0 0 0 2 32 2 2 1 0 0 0 0 0 0 0 0 
0 0 0 0 0 0 0 2 0 0 0 0 0 2 0 1 16 1 0 0 8 0 4 0 2 
0 0 0 0 0 0 2 32 2 0 0 0 0 0 4 0 1 0 0 0 0 0 2 2 32 
0 0 0 2 0 0 0 2 0 0 0 0 0 0 1 1 0 0 0 0 0 3 32 2 2 
0 0 2 32 2 0 4 0 0 0 0 0 0 1 17 17 1 0 0 0 1 16 3 0 0 
0 0 0 2 1 0 0 0 0 0 0 0 0 0 1 1 0 0 0 0 0 5 0 0 0 
0 0 0 5 16 1 0 0 0 0 1 0 0 0 1 0 0 0 0 0 0 0 0 0 0 
0 0 1 0 1 0 0 0 0 1 16 1 0 1 16 1 0 0 0 0 0 0 0 2 0 
0 1 16 1 0 0 0 0 4 1 1 0 0 1 5 0 0 0 0 5 0 0 2 32 2 
0 2 1 0 0 0 0 0 1 17 17 1 1 16 1 0 2 4 1 16 1 0 0 2 0 
2 32 2 0 0 0 0 0 0 1 5 0 0 1 16 3 32 2 0 1 0 0 0 0 0 
